rank,subscribers,subscribers_for_last_30_days,video_views,video_views_for_the_last_30_days,average_monthly_earnings,Country,channel_type
1,245000000,2000000.0,228000000000.0,2258000000.0,4782300.0,India,Music
2,170000000,100000.0,0.0,12.0,0.025,United States,Games
3,166000000,8000000.0,28368841870.0,1348000000.0,2868500.0,United States,Entertainment
4,162000000,1000000.0,164000000000.0,1975000000.0,4196900.0,United States,Education
5,159000000,1000000.0,148000000000.0,1824000000.0,3877950.0,India,Entertainment
6,119000000,100000.0,0.0,1.0,0.0,Other,Music
7,112000000,100000.0,93247040539.0,731674000.0,1541450.0,United States,Entertainment
8,111000000,100000.0,29058044447.0,39184000.0,83250.0,Japan,Entertainment
9,106000000,100000.0,90479060027.0,48947000.0,104000.0,Russia,People
10,98900000,600000.0,77180169894.0,580574000.0,1222550.0,United States,Entertainment
11,96700000,1100000.0,57856289381.0,803613000.0,1700450.0,India,Music
12,96000000,600000.0,77428473662.0,714614000.0,1539350.0,United States,Sports
13,93600000,100000.0,0.0,1.0,0.0,Other,Games
14,89800000,700000.0,32144597566.0,498930000.0,1062350.0,South Korea,Music
15,86900000,100000.0,24118230580.0,18.0,0.035,Other,Music
16,83000000,1100000.0,101000000000.0,1657000000.0,3507150.0,India,Entertainment
17,80100000,100000.0,26236790209.0,1.0,0.0,United Kingdom,Entertainment
18,75600000,400000.0,20826993957.0,168290000.0,357650.0,South Korea,Music
19,75000000,100000.0,0.0,16.0,0.03,United States,Entertainment
20,71600000,100000.0,30608119724.0,176326000.0,374700.0,Canada,Music
21,71300000,900000.0,28634566938.0,598173000.0,1274750.0,South Korea,Music
22,70500000,900000.0,73139054467.0,1707000000.0,3613400.0,India,Entertainment
23,68200000,600000.0,38843229963.0,473387000.0,1009150.0,United States,Education
24,66500000,100000.0,36775585925.0,447223000.0,0.0,Brazil,Music
25,65900000,500000.0,45757850229.0,420292000.0,902550.0,India,Education
26,65600000,400000.0,28648024439.0,254961000.0,531850.0,India,Music
27,64600000,1100000.0,61510906457.0,1188000000.0,2548450.0,India,Entertainment
28,61000000,100000.0,29533230328.0,10.0,0.02,India,Music
29,59500000,100000.0,16241549158.0,141200000.0,300050.0,United States,Sports
30,59500000,100000.0,59316472754.0,114668000.0,243700.0,United States,Film
31,59300000,600000.0,33431802698.0,422634000.0,902850.0,India,Music
32,58400000,600000.0,57271630846.0,611828000.0,1276500.0,Argentina,Music
33,58000000,500000.0,40602020243.0,232025000.0,493050.0,India,Music
34,57600000,500000.0,25307753534.0,461148000.0,957650.0,India,News
35,57200000,300000.0,28837144516.0,259310000.0,532400.0,India,Music
36,56900000,300000.0,27073872856.0,260193000.0,532500.0,United States,Music
37,56400000,100000.0,14696003229.0,112100000.0,238200.0,United States,Music
38,54600000,500000.0,35302243691.0,512093000.0,1064000.0,India,Music
39,54000000,100000.0,32312431239.0,159.0,0.34,Other,Other
40,53500000,100000.0,30367676736.0,202720000.0,430800.0,United Kingdom,Music
41,53300000,1600000.0,30516172739.0,815949000.0,1752000.0,India,Education
42,52900000,800000.0,29884657286.0,528392000.0,1116050.0,United States,Music
43,52700000,100000.0,24004842608.0,160216000.0,340500.0,United States,Music
44,52200000,600000.0,9877365274.0,266747000.0,583350.0,United States,Education
45,48100000,200000.0,14631710289.0,66388000.0,141100.0,Chile,Games
46,47900000,200000.0,13626331061.0,146862000.0,312050.0,United States,Music
47,47500000,700000.0,30788679536.0,306540000.0,638300.0,Russia,Film
48,47400000,500000.0,22519705183.0,232744000.0,494600.0,India,Entertainment
49,46800000,75.0,19398045702.0,440.0,1.055,Other,Music
50,46600000,400000.0,27286058807.0,314505000.0,689300.0,United States,Music
51,46300000,10.0,22936630813.0,94.0,0.2,Cuba,People
52,46100000,100000.0,30686342319.0,1.0,0.0,Other,Sports
53,46100000,200000.0,10323391593.0,33842000.0,71950.0,El Salvador,Games
54,45500000,400000.0,21388725229.0,233988000.0,497250.0,India,Entertainment
55,45200000,200000.0,16602198273.0,130359000.0,277000.0,Brazil,Entertainment
56,44700000,100000.0,7828610828.0,48032000.0,102050.0,Brazil,Entertainment
57,44600000,1300000.0,41139050371.0,1337000000.0,2817150.0,Pakistan,Entertainment
58,44500000,1.0,10708531817.0,1.0,0.0,Other,Other
59,44200000,100000.0,25458952022.0,134242000.0,285300.0,United States,Music
60,44200000,100000.0,4274709210.0,26683000.0,56700.0,Brazil,Comedy
61,44200000,300000.0,50292540392.0,176629000.0,375350.0,Philippines,Entertainment
62,43700000,100000.0,12884264778.0,22.0,0.049999999999999996,Thailand,Film
63,43600000,100000.0,4831311245.0,4.0,0.01,Other,People
64,43500000,500000.0,27568757295.0,353412000.0,744200.0,Colombia,Howto
65,43200000,300000.0,36458726976.0,303780000.0,637950.0,Russia,Education
66,43200000,900000.0,37939780685.0,1149000000.0,2443650.0,Pakistan,Entertainment
67,42500000,100000.0,26820902622.0,159757000.0,339450.0,India,Music
68,42400000,1000000.0,24519022988.0,670459000.0,1433800.0,United States,Film
69,42400000,100000.0,19547696190.0,53202000.0,113050.0,United States,Entertainment
70,41900000,100000.0,22477745835.0,182926000.0,388700.0,Barbados,Music
71,41400000,400000.0,17608931161.0,180942000.0,384500.0,India,Music
72,41300000,400000.0,5603111948.0,136745000.0,290600.0,Mexico,People
73,40900000,100000.0,39450824833.0,98775000.0,209900.0,United States,Education
74,40600000,100000.0,8670473639.0,1.0,0.0,Mexico,Comedy
75,40400000,100000.0,7410536668.0,5773000.0,12250.0,Other,Entertainment
76,40300000,100000.0,47005053156.0,5.0,0.01,Other,People
77,39700000,300000.0,23884824160.0,247731000.0,526400.0,United Arab Emirates,People
78,39400000,100000.0,22302547082.0,2.0,0.005,Other,Games
79,39200000,700000.0,3294013141.0,78688000.0,167250.0,India,Comedy
80,39200000,100000.0,10507474316.0,58362000.0,124000.0,United States,Music
81,39200000,400000.0,44900897958.0,560756000.0,1170100.0,Canada,Education
82,39100000,800000.0,16118181673.0,264108000.0,583000.0,Spain,Games
83,39000000,200000.0,36131228583.0,130461000.0,277200.0,Thailand,Entertainment
84,38900000,100000.0,25154232306.0,1635000000.0,3454350.0,Brazil,Music
85,38600000,100000.0,7339333120.0,45638000.0,97000.0,United States,Nonprofit
86,38400000,2000.0,21528116909.0,1589000.0,3398.5,Saudi Arabia,Games
87,38300000,400000.0,16718192386.0,814756000.0,1751850.0,India,Music
88,38200000,100.0,13598903820.0,6348.0,13.5,United States,Music
89,38200000,100000.0,22756581750.0,21804000.0,46350.0,United States,Entertainment
90,38200000,500000.0,28519339489.0,415914000.0,902000.0,India,Entertainment
91,38000000,100000.0,22731415608.0,205594000.0,436900.0,United States,Music
92,37900000,200000.0,23510152352.0,244093000.0,518700.0,United States,Entertainment
93,37600000,700000.0,18208196857.0,321026000.0,690150.0,United States,Entertainment
94,37500000,300000.0,27262462114.0,140754000.0,299100.0,Thailand,Entertainment
95,37200000,100000.0,16402066717.0,49861000.0,105950.0,India,Comedy
96,37000000,400000.0,13102611515.0,267060000.0,583400.0,India,News
97,37000000,300000.0,24188861917.0,251449000.0,531450.0,Brazil,Entertainment
98,36700000,200000.0,19378155425.0,175243000.0,372400.0,United States,Music
99,36600000,100000.0,22553923546.0,152825000.0,324750.0,United States,Music
100,36600000,200000.0,15653786446.0,131462000.0,0.0,India,Entertainment
101,36500000,600000.0,18961241905.0,318702000.0,689850.0,Other,Film
102,36300000,300000.0,3010784935.0,21103000.0,44850.0,United States,Entertainment
103,36300000,100000.0,0.0,1.0,0.0,Other,Other
104,36200000,100000.0,23355801606.0,169242000.0,359650.0,Other,Music
105,36100000,1.0,6331332547.0,32.0,0.07,Other,Comedy
106,35700000,400000.0,27118354077.0,302071000.0,637750.0,Argentina,Music
107,35500000,900000.0,15657673422.0,533793000.0,1116700.0,India,Music
108,35500000,600000.0,16105023749.0,290847000.0,636350.0,India,News
109,35400000,500000.0,22637783517.0,331474000.0,691450.0,India,Music
110,35400000,2.0,5556364230.0,53.0,0.11,Other,Autos
111,35200000,100000.0,20297931219.0,127329000.0,270550.0,United States,Games
112,35200000,200000.0,55299840198.0,238613000.0,507100.0,United States,Entertainment
113,34900000,300000.0,25607397308.0,335307000.0,691900.0,United States,Film
114,34600000,100000.0,21306315429.0,1.0,0.0,Other,News
115,34400000,3.0,9690499664.0,86.0,0.18000000000000002,Other,Games
116,34300000,100000.0,12746535822.0,101357000.0,215350.0,India,Music
117,34100000,100000.0,23005313609.0,128696000.0,273500.0,Colombia,Music
118,34000000,5500000.0,3963007415.0,547141000.0,1168400.0,Indonesia,Entertainment
119,34000000,600000.0,11351015824.0,179903000.0,382300.0,India,Film
120,33800000,100000.0,15432929204.0,39094000.0,83100.0,Spain,Games
121,33800000,200000.0,27274550757.0,403508000.0,850450.0,Brazil,Film
122,33700000,200000.0,23492684419.0,210955000.0,448250.0,United States,Entertainment
123,33700000,100000.0,10189027455.0,1.0,0.0,Other,Music
124,33600000,200000.0,13013567335.0,115792000.0,246050.0,United States,Music
125,33500000,500000.0,14864294792.0,272255000.0,584050.0,India,Entertainment
126,33500000,100000.0,29611914495.0,61307000.0,0.0,Thailand,Entertainment
127,33500000,100000.0,11405809704.0,24736000.0,52550.0,India,Comedy
128,33400000,100000.0,10530729078.0,55654000.0,118250.0,United Kingdom,Music
129,33400000,200000.0,20269857567.0,136084000.0,289150.0,India,Education
130,33300000,1900000.0,5994136760.0,157101000.0,333850.0,Indonesia,Entertainment
131,32800000,200000.0,26355088167.0,127498000.0,270950.0,United States,Education
132,32700000,40000.0,17853798780.0,20263000.0,43100.0,India,Entertainment
133,32700000,2100000.0,19180039918.0,1463000000.0,3132950.0,Turkey,Games
134,32700000,300000.0,28516250629.0,329861000.0,691250.0,United States,Music
135,32600000,200000.0,23379969006.0,373828000.0,796750.0,Canada,Music
136,32200000,100000.0,16613441479.0,1.0,0.0,Other,Entertainment
137,32100000,300000.0,18699145555.0,465647000.0,1008200.0,Colombia,Music
138,32100000,100000.0,10602236110.0,56534000.0,120100.0,United Kingdom,Comedy
139,32100000,100000.0,13061739758.0,44505000.0,94550.0,Brazil,Entertainment
140,32000000,1200000.0,26800674545.0,1667000000.0,3558400.0,India,Entertainment
141,31900000,100000.0,27330239663.0,233402000.0,496000.0,Other,Music
142,31900000,500000.0,19428308461.0,798510000.0,1699800.0,Philippines,Entertainment
143,31800000,100000.0,6762424690.0,31455000.0,66850.0,Mexico,Howto
144,31700000,500000.0,5711208484.0,109125000.0,231900.0,India,Tech
145,31700000,200000.0,16476978876.0,112648000.0,239400.0,India,Music
146,31700000,200000.0,21031745531.0,153280000.0,325700.0,United States,Entertainment
147,31700000,200000.0,2930015381.0,27022000.0,57450.0,United States,Games
148,31600000,400000.0,11615848291.0,312099000.0,639000.0,United States,Entertainment
149,31600000,100000.0,26583873105.0,105126000.0,223400.0,United States,Music
150,31400000,100000.0,15176762479.0,1.0,0.0,Other,Other
151,31400000,300000.0,22919271731.0,244925000.0,520450.0,United Kingdom,Education
152,31200000,100.0,9673649438.0,3589.0,7.45,Venezuela,Comedy
153,31200000,100000.0,17111726160.0,22511000.0,0.0,United States,Comedy
154,31200000,1900000.0,6187804950.0,190679000.0,405200.0,Argentina,Games
155,30700000,100000.0,16793072362.0,188837000.0,401250.0,United States,Music
156,30700000,200000.0,12355992466.0,102998000.0,218850.0,United States,Entertainment
157,30700000,300000.0,3145161634.0,31822000.0,67650.0,India,Entertainment
158,30500000,600000.0,16709857823.0,461472000.0,957700.0,India,News
159,30500000,1300000.0,4521573939.0,157908000.0,335550.0,Kuwait,Entertainment
160,30400000,100000.0,4332274962.0,21440000.0,45600.0,Indonesia,Entertainment
161,30400000,100000.0,14037426379.0,45822000.0,97400.0,United States,Music
162,30400000,300000.0,17999961915.0,122926000.0,261200.0,United States,Entertainment
163,30300000,100000.0,13546549817.0,22724000.0,48300.0,United States,Entertainment
164,30200000,100000.0,14199108016.0,137099000.0,291350.0,United Kingdom,Music
165,30200000,100000.0,15199330166.0,1.0,0.0,United States,Entertainment
166,30200000,100000.0,27684955537.0,116434000.0,247400.0,Jordan,Music
167,30100000,6.0,7277493940.0,1.0,0.0,Other,Other
168,30100000,100000.0,19607009165.0,100040000.0,212600.0,Netherlands,Music
169,30100000,100000.0,22593193994.0,107525000.0,228500.0,United States,Education
170,30100000,100000.0,16246625836.0,40425000.0,85900.0,Other,Games
171,30000000,100000.0,12831200855.0,88749000.0,188600.0,Canada,Music
172,29800000,100000.0,4457913639.0,26171000.0,55600.0,India,Comedy
173,29600000,100000.0,17208027242.0,81884000.0,174000.0,United States,Music
174,29300000,100000.0,0.0,1.0,0.0,Other,Education
175,29300000,100000.0,21226945136.0,15.0,0.03,Argentina,People
176,29200000,1000000.0,14727238483.0,180519000.0,0.0,United States,Entertainment
177,29200000,1000000.0,11627437847.0,303100000.0,637900.0,Brazil,Games
178,29200000,100000.0,4079141673.0,12143000.0,25800.0,Spain,Comedy
179,29000000,151.0,19466238065.0,60805.0,129.0,Other,Other
180,28900000,200000.0,17930570614.0,109828000.0,233400.0,India,Education
181,28500000,100000.0,25857994495.0,1.0,0.0,Other,Music
182,28400000,100000.0,9956764048.0,26435000.0,56150.0,United States,Entertainment
183,28400000,500000.0,10062770060.0,227355000.0,483100.0,India,Film
184,28300000,100000.0,13577142726.0,2.0,0.005,Other,Other
185,28300000,800000.0,14814192034.0,288110000.0,636000.0,India,Education
186,28300000,700000.0,23844936965.0,684860000.0,1435600.0,Pakistan,Entertainment
187,28200000,500000.0,7600740993.0,184966000.0,393050.0,India,Film
188,28200000,200000.0,14412474625.0,158591000.0,337000.0,United States,Music
189,28100000,1.0,15318895118.0,31.0,0.065,Other,Film
190,28000000,400000.0,8603468420.0,129211000.0,274550.0,Other,Film
191,27800000,1.0,2303069221.0,1.0,0.0,Singapore,Other
192,27800000,100000.0,21037851468.0,127441000.0,270850.0,Australia,Music
193,27700000,200000.0,15777682516.0,173836000.0,369400.0,Colombia,Music
194,27500000,100000.0,4552581106.0,649.0,0.0,United States,Music
195,27500000,100000.0,13379395501.0,90450000.0,192200.0,United States,Music
196,27400000,200000.0,19883150017.0,307631000.0,638450.0,South Korea,Music
197,27400000,400000.0,10336420490.0,175844000.0,373700.0,United States,Entertainment
198,27400000,500000.0,19417887510.0,78668000.0,167200.0,United Kingdom,Games
199,27300000,200000.0,22440611155.0,42546000.0,90400.0,United States,Entertainment
200,27300000,100000.0,7705492350.0,102235000.0,217250.0,India,Tech
201,27100000,100000.0,15916882228.0,14.0,0.03,Other,People
202,27100000,700000.0,17318452893.0,429692000.0,903700.0,India,Entertainment
203,27100000,1300000.0,12732444881.0,502779000.0,1062850.0,Other,Howto
204,27000000,300000.0,6570935979.0,144453000.0,306950.0,United States,Entertainment
205,26900000,200000.0,7938616641.0,82912000.0,176150.0,Brazil,Entertainment
206,26700000,1200000.0,4388047013.0,276187000.0,584500.0,United States,Entertainment
207,26700000,100000.0,10317306313.0,24363000.0,51800.0,Colombia,Comedy
208,26700000,200000.0,7173668905.0,118226000.0,251250.0,United States,Entertainment
209,26500000,300000.0,15065753455.0,163130000.0,346650.0,Philippines,News
210,26500000,100000.0,20358117330.0,89098000.0,189350.0,United States,Music
211,26400000,400000.0,8595760553.0,99677000.0,211800.0,India,Film
212,26400000,1300000.0,27006526665.0,1046000000.0,2230750.0,United States,Comedy
213,26400000,2000000.0,17211600007.0,1225000000.0,2603200.0,Italy,Entertainment
214,26300000,100000.0,4749833967.0,17264000.0,36700.0,India,Entertainment
215,26200000,200000.0,31977463002.0,487076000.0,1010900.0,United States,Entertainment
216,26200000,1100000.0,16097531087.0,721848000.0,1540250.0,Japan,Entertainment
217,26100000,400000.0,10435474336.0,68156000.0,144800.0,United States,Comedy
218,26100000,100000.0,7886440199.0,1.0,0.0,Saudi Arabia,Music
219,26000000,1100000.0,14101010609.0,606362000.0,1275800.0,Other,People
220,26000000,100000.0,17308961985.0,55454000.0,117850.0,United States,Music
221,26000000,3.0,18597534412.0,3.0,0.005,Other,Music
222,25900000,600000.0,11372071889.0,230183000.0,489100.0,Indonesia,Entertainment
223,25800000,100000.0,15541421838.0,54947000.0,116750.0,Canada,Games
224,25700000,100000.0,17793809548.0,164215000.0,349000.0,United States,Music
225,25700000,100000.0,7466926260.0,30501000.0,64800.0,Mexico,People
226,25700000,100000.0,10242981063.0,103631000.0,220200.0,United States,Music
227,25600000,2.0,7962725960.0,1.0,0.0,Other,Other
228,25600000,100000.0,25592378292.0,318593000.0,689800.0,United States,Music
229,25500000,4.0,2726917087.0,20.0,0.045,Other,Entertainment
230,25500000,100000.0,14401218086.0,195499000.0,415450.0,United States,Music
231,25400000,100000.0,6430853035.0,58487000.0,124250.0,Indonesia,Entertainment
232,25400000,600000.0,34300482066.0,815341000.0,1751900.0,United States,Games
233,25300000,100000.0,17331663193.0,198875000.0,422600.0,United Kingdom,Music
234,25200000,100000.0,9602246828.0,11.0,0.02,Other,People
235,25200000,300000.0,11081602368.0,140319000.0,298200.0,United States,Film
236,25200000,100000.0,7968363381.0,2.0,0.005,Other,People
237,25200000,100000.0,15520569496.0,1.0,0.0,Other,Other
238,25200000,300000.0,10409352249.0,273920000.0,584250.0,India,News
239,25100000,100000.0,19458807708.0,94246000.0,200300.0,United States,Music
240,25100000,100000.0,16357064198.0,49009000.0,104150.0,Canada,Entertainment
241,25000000,100000.0,14169516119.0,123189000.0,261800.0,Indonesia,Entertainment
242,25000000,300000.0,14827085149.0,284144000.0,585500.0,Colombia,Music
243,24800000,500000.0,17387583720.0,331889000.0,691500.0,United Kingdom,Entertainment
244,24800000,100000.0,2588501115.0,336291.0,692.0,Mexico,Howto
245,24800000,400000.0,3699352704.0,134412000.0,285600.0,United States,Entertainment
246,24800000,900000.0,14655527943.0,400222000.0,850050.0,Other,People
247,24700000,100000.0,20531704527.0,139443000.0,296350.0,United States,Music
248,24700000,100000.0,2994726412.0,23263000.0,49450.0,Australia,Howto
249,24600000,100000.0,23755792542.0,88940000.0,189000.0,United States,Music
250,24600000,200000.0,3647987299.0,88625000.0,188350.0,United States,Tech
251,24500000,100000.0,23962070944.0,105567000.0,224350.0,South Korea,Entertainment
252,24400000,400000.0,12385924995.0,169865000.0,361000.0,United States,Entertainment
253,24300000,100000.0,2380248899.0,5.0,0.01,Other,People
254,24300000,300000.0,6608773195.0,94853000.0,201550.0,India,Film
255,24200000,100000.0,2700914170.0,33590000.0,71400.0,Mexico,Entertainment
256,24200000,200000.0,15724160183.0,151208000.0,321300.0,United Arab Emirates,People
257,24100000,100000.0,329774870.0,328503000.0,691050.0,United States,Education
258,24100000,600000.0,10999000479.0,401512000.0,850200.0,Argentina,Entertainment
259,24100000,700000.0,12916159065.0,398765000.0,849850.0,Other,Comedy
260,24100000,200000.0,56106087508.0,424815000.0,903100.0,Turkey,Music
261,24100000,100000.0,8425505919.0,63293000.0,134500.0,United States,Music
262,24100000,200000.0,11041261296.0,66884000.0,142100.0,United States,Entertainment
263,24100000,100000.0,6002166932.0,5439000.0,11600.0,United Kingdom,Music
264,24000000,1100000.0,13943030228.0,761451000.0,1595200.0,Brazil,Comedy
265,24000000,100000.0,5652938599.0,3.0,0.005,Other,People
266,24000000,200000.0,8279004442.0,151697000.0,322350.0,United States,Entertainment
267,23900000,100000.0,4067878931.0,58126000.0,123500.0,United States,Entertainment
268,23900000,100000.0,6582932625.0,10853000.0,23050.0,United States,Entertainment
269,23900000,300000.0,7213499085.0,177769000.0,377750.0,United States,Entertainment
270,23800000,100000.0,5663125358.0,31633.0,67.5,Other,Entertainment
271,23800000,100000.0,10414479943.0,98052000.0,208350.0,United States,Howto
272,23800000,100000.0,17688774915.0,122914000.0,261200.0,United States,Music
273,23700000,100000.0,2543809954.0,8368000.0,17800.0,United States,Games
274,23700000,1.0,7451792132.0,1.0,0.0,Canada,Games
275,23700000,100000.0,15510153803.0,32817000.0,69750.0,United Kingdom,Entertainment
276,23700000,1100000.0,20289689389.0,755054000.0,1594400.0,United States,Animals
277,23600000,100000.0,15901824841.0,77927000.0,165600.0,Other,Music
278,23600000,200000.0,2135644776.0,46862000.0,99550.0,Mexico,People
279,23600000,100000.0,5994002464.0,10803000.0,22950.0,United States,Entertainment
280,23600000,400000.0,6766461070.0,44542000.0,94650.0,United States,Entertainment
281,23600000,100000.0,7920637200.0,53589000.0,113900.0,United Kingdom,Film
282,23500000,100000.0,14777034543.0,41669000.0,88550.0,United Kingdom,Games
283,23500000,100000.0,14696994366.0,59629000.0,126700.0,United Kingdom,Entertainment
284,23400000,900000.0,9465863821.0,367347000.0,795900.0,India,Film
285,23400000,100000.0,7926899136.0,28285000.0,60100.0,Brazil,Entertainment
286,23300000,100000.0,22471357411.0,124187000.0,263850.0,United States,Entertainment
287,23200000,100000.0,2634.0,6589000000.0,0.0,United States,Entertainment
288,23200000,100000.0,15751661213.0,143169000.0,304250.0,United States,Music
289,23200000,900000.0,7966720147.0,321179000.0,690150.0,Other,Entertainment
290,23100000,100000.0,12889240875.0,52678000.0,111950.0,India,Music
291,23100000,100000.0,25579831081.0,130233000.0,276750.0,Thailand,Music
292,23100000,100000.0,2551113422.0,13246000.0,28150.0,United States,Tech
293,23100000,700000.0,9299371231.0,304021000.0,638000.0,India,Music
294,23100000,700000.0,13151870846.0,128448000.0,272950.0,United States,Music
295,23000000,800000.0,31494513067.0,756717000.0,1594600.0,Germany,Comedy
296,23000000,100000.0,3378047383.0,22262000.0,47300.0,India,Tech
297,23000000,100000.0,6041264489.0,35539000.0,75550.0,Argentina,Entertainment
298,23000000,100000.0,10939966484.0,93183000.0,198000.0,India,Music
299,22900000,300000.0,5320485069.0,118846000.0,0.0,India,Film
300,22900000,1.0,5380073627.0,1.0,0.0,United States,Games
301,22900000,300000.0,16298342829.0,169056000.0,359250.0,Jordan,Music
302,22900000,200000.0,13206471140.0,136821000.0,290750.0,Mexico,Education
303,22800000,3200000.0,17988347989.0,2033000000.0,4304050.0,Other,Entertainment
304,22700000,300000.0,10115316784.0,155215000.0,329850.0,United States,Education
305,22700000,100000.0,11568118121.0,96613000.0,205350.0,Other,Entertainment
306,22600000,600000.0,20847038152.0,982238000.0,2072800.0,India,Entertainment
307,22600000,1400000.0,9223534599.0,399152000.0,849900.0,India,Entertainment
308,22600000,100000.0,14231943358.0,81660000.0,173500.0,United States,Music
309,22600000,100000.0,17507060680.0,73829000.0,156900.0,Saudi Arabia,Entertainment
310,22600000,100000.0,13405849040.0,95253000.0,202400.0,United States,Music
311,22600000,1300000.0,27084848152.0,1174000000.0,2496750.0,United States,People
312,22500000,200000.0,2431154438.0,48740000.0,103600.0,India,Film
313,22500000,100000.0,10613701948.0,65066000.0,138300.0,United States,Entertainment
314,22500000,200000.0,13835173331.0,175094000.0,372100.0,United States,Games
315,22400000,100000.0,8040036209.0,72242000.0,153550.0,Argentina,Music
316,22300000,10.0,8663830163.0,735.0,1.59,France,Music
317,22300000,100000.0,24059336857.0,132110000.0,280700.0,United States,Games
318,22200000,200000.0,11136266461.0,139333000.0,296050.0,United States,Entertainment
319,22000000,100000.0,9924807127.0,111500000.0,236950.0,United States,Music
320,22000000,200000.0,8594440895.0,183871000.0,390750.0,United States,Entertainment
321,22000000,800000.0,18347969186.0,711254000.0,1488900.0,Japan,Entertainment
322,21900000,500000.0,4454917643.0,184946000.0,393000.0,United States,Entertainment
323,21900000,400000.0,5918314128.0,234222000.0,497750.0,United States,People
324,21900000,1900000.0,15552070846.0,687028000.0,1435900.0,United States,Comedy
325,21900000,100000.0,20657571751.0,4719.0,10.0,Mexico,Music
326,21800000,600000.0,4469711607.0,197953000.0,420650.0,United States,People
327,21800000,100000.0,5614621131.0,45812000.0,97350.0,United States,Entertainment
328,21800000,100000.0,11288359365.0,128047000.0,272100.0,United Kingdom,Music
329,21800000,100000.0,12140232004.0,51134000.0,108650.0,United Kingdom,Music
330,21800000,100.0,19329351143.0,10571.0,22.5,Other,Music
331,21800000,100000.0,7780934187.0,408.0,0.0,Other,People
332,21700000,400000.0,9392093496.0,265336000.0,583150.0,Other,People
333,21700000,3400000.0,8507818877.0,1598000000.0,3399800.0,United Arab Emirates,People
334,21600000,300000.0,9597894786.0,193174000.0,410500.0,Brazil,Entertainment
335,21600000,400000.0,5863377051.0,194604000.0,413550.0,India,Howto
336,21600000,100000.0,9346383505.0,63919000.0,135850.0,United States,Entertainment
337,21500000,200000.0,5890180734.0,113542000.0,241300.0,United States,Music
338,21500000,100000.0,15013096899.0,15459.0,33.0,Mexico,Entertainment
339,21500000,100000.0,22065582014.0,3.0,0.005,Other,Music
340,21500000,4.0,8409641722.0,49.0,0.10500000000000001,Chile,People
341,21400000,5.0,1573058816.0,1.0,0.0,Germany,Other
342,21400000,500000.0,6264261757.0,160690000.0,341500.0,India,Music
343,21300000,200000.0,6269945014.0,160227000.0,340500.0,United States,People
344,21300000,100000.0,10644857969.0,103171000.0,219250.0,United States,Music
345,21300000,1600000.0,12761253839.0,729409000.0,1541200.0,India,People
346,21300000,200000.0,5141834668.0,68350000.0,145250.0,United States,Entertainment
347,21300000,600000.0,10047736580.0,236293000.0,502150.0,India,Entertainment
348,21300000,700000.0,12895427184.0,561020000.0,1170150.0,India,Entertainment
349,21200000,100000.0,2073073070.0,1.0,0.0,Other,People
350,21200000,200000.0,11364908616.0,142317000.0,302450.0,Philippines,News
351,21100000,100000.0,5783557209.0,24691000.0,52500.0,United States,Howto
352,21100000,100000.0,4526271677.0,26974000.0,57300.0,Indonesia,Entertainment
353,21000000,100000.0,4380564906.0,2476000.0,5259.5,United States,Entertainment
354,21000000,400000.0,7762905663.0,118410000.0,251600.0,Brazil,Entertainment
355,21000000,100000.0,10631638628.0,80062000.0,170100.0,United States,Entertainment
356,21000000,300000.0,9789121606.0,133362000.0,283350.0,United States,Entertainment
357,20900000,100000.0,1693149479.0,28588000.0,60750.0,India,Education
358,20900000,100000.0,3828000587.0,52330000.0,111200.0,Brazil,Entertainment
359,20900000,100000.0,4927879069.0,2989000.0,0.0,United States,Animals
360,20900000,600000.0,11058049885.0,383700000.0,797950.0,United States,People
361,20900000,300000.0,0.0,1.0,0.0,Other,Games
362,20900000,100000.0,17324976752.0,99.0,0.21000000000000002,United States,Music
363,20800000,100000.0,1870608170.0,23897000.0,50800.0,Brazil,Comedy
364,20800000,100000.0,2378448129.0,29269000.0,62200.0,Germany,Education
365,20700000,1000000.0,17963202261.0,874796000.0,1859350.0,United States,Entertainment
366,20700000,100000.0,5091618606.0,20012000.0,42500.0,United States,Howto
367,20700000,10.0,5410164682.0,125.0,0.265,Other,Entertainment
368,20700000,1600000.0,8658941531.0,552266000.0,1169050.0,Russia,People
369,20700000,100000.0,12624879732.0,73025000.0,155200.0,United States,Sports
370,20600000,1.0,4956090094.0,85.0,0.18000000000000002,Indonesia,Entertainment
371,20600000,200000.0,7657171980.0,193176000.0,410500.0,Argentina,Entertainment
372,20600000,100000.0,10292874715.0,81236000.0,172600.0,Sweden,Music
373,20500000,100000.0,15038593883.0,158540000.0,336900.0,South Korea,Entertainment
374,20500000,100000.0,8768697257.0,26082000.0,55400.0,Australia,Games
375,20500000,100000.0,11009148579.0,195203000.0,414800.0,United States,Entertainment
376,20400000,100000.0,1796227417.0,39495000.0,83950.0,Brazil,Film
377,20400000,100000.0,7311322368.0,14646000.0,31150.0,United States,People
378,20400000,12.0,13397000296.0,1.0,0.0,Afghanistan,Games
379,20400000,400000.0,29406206620.0,907534000.0,1913450.0,India,Entertainment
380,20400000,100000.0,4707412332.0,28990000.0,61600.0,Ukraine,Entertainment
381,20400000,100000.0,3579555124.0,41289000.0,87750.0,India,Music
382,20300000,100000.0,2441288701.0,86457000.0,183700.0,United Kingdom,Entertainment
383,20300000,200000.0,11022391339.0,71777000.0,152500.0,Other,Education
384,20300000,100000.0,11819051552.0,112768000.0,239650.0,Indonesia,Education
385,20200000,1600000.0,2951914200.0,263864000.0,583000.0,Colombia,Entertainment
386,20200000,100000.0,2764127969.0,15556000.0,33050.0,United Arab Emirates,Entertainment
387,20200000,100000.0,7066711323.0,1.0,0.0,Other,Games
388,20200000,300000.0,7274150246.0,113420000.0,241050.0,India,Education
389,20200000,1200000.0,20919403720.0,1245000000.0,2655600.0,Latvia,Comedy
390,20200000,600000.0,19694265358.0,452250000.0,956550.0,United States,Comedy
391,20200000,200000.0,6098644584.0,64489000.0,137050.0,Indonesia,Games
392,20100000,200000.0,23353115850.0,221702000.0,471100.0,United States,Games
393,20100000,100000.0,6618524158.0,25263000.0,53700.0,United States,Music
394,20100000,100000.0,8920141342.0,5420000.0,11550.0,Brazil,Games
395,20100000,100000.0,10366850490.0,1.0,0.0,Other,Games
396,20100000,100000.0,11317309935.0,14862000.0,31550.0,United States,Entertainment
397,20100000,300000.0,14816075927.0,276751000.0,584600.0,United States,Music
398,20100000,100000.0,6119294270.0,105784000.0,224750.0,United States,Howto
399,20100000,30.0,5634695322.0,63.0,0.135,United States,Film
400,20100000,100000.0,17913237851.0,9112000.0,19350.0,United States,People
401,20000000,100000.0,13154314376.0,23206000.0,49300.0,United States,Entertainment
402,20000000,100000.0,559765455.0,1331000.0,2816.5,United States,Music
403,20000000,200000.0,3875172235.0,39228000.0,83350.0,United Kingdom,Entertainment
404,20000000,100000.0,6033295543.0,1.0,0.0,Canada,Entertainment
405,20000000,100000.0,9715291883.0,70278000.0,0.0,India,Entertainment
406,19900000,100000.0,13917423958.0,214803000.0,456450.0,Brazil,Music
407,19800000,100000.0,3234880084.0,5650000.0,12000.0,Germany,Tech
408,19800000,100000.0,5759442450.0,6137000.0,13000.0,United States,Entertainment
409,19800000,100000.0,12293479945.0,16229.0,34.5,United States,News
410,19700000,100000.0,1803249241.0,3769000.0,8021.0,United States,Comedy
411,19700000,100000.0,7452667615.0,29387000.0,62400.0,Other,Howto
412,19700000,100000.0,10955619815.0,1.0,0.0,United States,Games
413,19700000,100000.0,11323617496.0,54192000.0,115150.0,United Kingdom,Entertainment
414,19700000,100000.0,9808676159.0,336.0,0.54,United Kingdom,Music
415,19600000,100000.0,2851024430.0,23.0,0.049999999999999996,United States,Games
416,19600000,300000.0,13930021471.0,274212000.0,584300.0,United States,Entertainment
417,19600000,100000.0,8779729549.0,110806000.0,235450.0,Turkey,Entertainment
418,19600000,6700000.0,7906181776.0,2304000000.0,4888000.0,United States,Entertainment
419,19600000,100000.0,3961318438.0,22292000.0,47400.0,United States,Games
420,19500000,300000.0,5234251168.0,59841000.0,0.0,India,Entertainment
421,19400000,100000.0,2255542592.0,32111000.0,68200.0,India,News
422,19400000,100000.0,1577859332.0,2382000.0,5047.5,Mexico,People
423,19400000,200000.0,23038014291.0,272917000.0,584100.0,India,Entertainment
424,19400000,100000.0,5529131886.0,58863000.0,125100.0,Switzerland,Sports
425,19300000,300000.0,264228052.0,37167000.0,79000.0,India,Howto
426,19300000,100000.0,2897907132.0,69614000.0,147950.0,Other,Entertainment
427,19300000,1100000.0,4508184467.0,16718000.0,35550.0,Other,Tech
428,19200000,100000.0,4329121104.0,2730000.0,5791.5,United States,Comedy
429,19200000,100000.0,7590582024.0,28678000.0,60950.0,India,Music
430,19100000,100000.0,13124645973.0,17243000.0,36650.0,United States,Comedy
431,19100000,100000.0,4566120190.0,30986000.0,65800.0,United States,Comedy
432,19100000,200000.0,5194942269.0,65920000.0,140100.0,Other,Film
433,19100000,100000.0,6339584661.0,46192000.0,98150.0,Other,Music
434,19000000,100000.0,4924054368.0,21587000.0,45850.0,United States,Entertainment
435,19000000,200000.0,7229175322.0,123338000.0,262100.0,Mexico,Howto
436,19000000,200000.0,8281724393.0,105706000.0,224600.0,India,Entertainment
437,19000000,100000.0,13824277846.0,76903000.0,163400.0,Brazil,Film
438,19000000,100000.0,16014044618.0,102410000.0,217600.0,United Kingdom,Music
439,19000000,100000.0,15126092508.0,107989000.0,229500.0,South Korea,Entertainment
440,18900000,100000.0,2855519150.0,24563000.0,52200.0,Russia,Entertainment
441,18900000,2.0,8301731337.0,1.0,0.0,Other,Other
442,18900000,100000.0,9813245108.0,140398000.0,298350.0,Mexico,Education
443,18800000,100000.0,3654621568.0,29874000.0,63500.0,United States,Education
444,18800000,100000.0,5257834105.0,78158000.0,166050.0,United Kingdom,Entertainment
445,18800000,100000.0,7634430188.0,7.0,0.015,Other,Other
446,18800000,100000.0,7762077012.0,1.0,0.0,Other,Other
447,18800000,100000.0,9573641299.0,97758000.0,207700.0,United States,Music
448,18800000,100000.0,9594188708.0,68006000.0,144500.0,Ukraine,Entertainment
449,18800000,700000.0,3276891538.0,109026000.0,231700.0,India,People
450,18700000,1.0,12295637162.0,102.0,0.21999999999999997,Spain,Music
451,18700000,100000.0,6148303268.0,1.0,0.0,Other,People
452,18600000,200000.0,6047584292.0,102431000.0,217650.0,India,Comedy
453,18600000,200000.0,7008250496.0,43396000.0,92200.0,United States,Entertainment
454,18600000,100000.0,20196704276.0,168597000.0,358250.0,Thailand,Music
455,18600000,500000.0,8761255550.0,43007000.0,91400.0,Saudi Arabia,Games
456,18500000,100000.0,2908120896.0,6148000000.0,0.0,Brazil,Music
457,18500000,100000.0,3457618361.0,38282000.0,81350.0,Russia,Games
458,18500000,100000.0,4558380251.0,2835000.0,6004.5,Other,People
459,18500000,100000.0,8147575884.0,48947000.0,104000.0,Russia,People
460,18500000,1600000.0,4051072188.0,197369000.0,419400.0,Indonesia,People
461,18400000,100000.0,4120324310.0,14430000.0,30650.0,United States,Entertainment
462,18400000,100000.0,7038827526.0,11004000.0,23400.0,Spain,Games
463,18400000,100000.0,11544297793.0,54133000.0,115000.0,Thailand,Music
464,18400000,2.0,11280732382.0,1.0,0.0,Other,Other
465,18400000,100000.0,25367126292.0,267126000.0,583400.0,United States,Music
466,18300000,100000.0,1606834186.0,17063000.0,36300.0,Indonesia,Entertainment
467,18300000,100000.0,7760819588.0,127982000.0,271950.0,United States,Entertainment
468,18300000,800000.0,1556003039.0,140261000.0,298050.0,United States,Games
469,18300000,100000.0,8798044678.0,1.0,0.0,Other,Other
470,18200000,1000000.0,9937823152.0,467848000.0,1008500.0,Other,People
471,18200000,100000.0,3213324455.0,18045000.0,38350.0,Brazil,Howto
472,18100000,700000.0,13378360425.0,497044000.0,1062150.0,United States,Entertainment
473,18100000,100000.0,3306242674.0,27312000.0,58000.0,Indonesia,Entertainment
474,18100000,100000.0,9983065083.0,48099000.0,102200.0,France,Entertainment
475,18100000,300000.0,14857290259.0,180412000.0,383350.0,United States,Education
476,18100000,100000.0,10703830496.0,64989000.0,138100.0,South Korea,Music
477,18100000,1.0,12249828886.0,1.0,0.0,Other,Other
478,18000000,100000.0,3980991248.0,54766000.0,116400.0,Brazil,Tech
479,18000000,600000.0,9601137077.0,391298000.0,848900.0,Australia,Sports
480,18000000,100000.0,15412333005.0,4.0,0.01,United States,Entertainment
481,18000000,100000.0,10463166404.0,110776000.0,235400.0,United States,Music
482,18000000,100000.0,17921124985.0,257597000.0,532200.0,United States,Music
483,18000000,100000.0,6404852037.0,43830000.0,93150.0,Spain,Games
484,18000000,3400000.0,8716982055.0,1375000000.0,2921900.0,Other,Entertainment
485,17900000,100000.0,7176572299.0,8650000.0,18400.0,United States,People
486,17900000,100000.0,3841205465.0,51687000.0,109800.0,United States,Music
487,17900000,100000.0,5168721499.0,27545000.0,58550.0,Argentina,Games
488,17900000,100000.0,5244917119.0,18548000.0,39400.0,United States,Entertainment
489,17900000,100000.0,6888074944.0,29182000.0,62000.0,United States,Music
490,17900000,100000.0,9867515979.0,84467000.0,179500.0,Vietnam,Entertainment
491,17900000,400000.0,9887116267.0,447891000.0,956000.0,United States,Music
492,17900000,100000.0,16174530046.0,102621000.0,218100.0,United States,Education
493,17900000,100000.0,6746269458.0,4.0,0.01,Other,People
494,17800000,900000.0,11057945183.0,431390000.0,903900.0,India,People
495,17800000,2960.0,8588704539.0,20708.0,44.0,United States,People
496,17700000,3200000.0,19206701832.0,3404000000.0,7225450.0,South Korea,People
497,17700000,100000.0,7387621644.0,102803000.0,0.0,South Korea,People
498,17700000,100000.0,20115544708.0,97422000.0,207050.0,United States,Music
499,17700000,900000.0,7912733203.0,346753000.0,743350.0,India,People
500,17700000,100000.0,3647267655.0,48174000.0,102350.0,Indonesia,Entertainment
501,17700000,100000.0,4196061192.0,9243000.0,0.0,Other,Music
502,17700000,100000.0,7739048000.0,35337000.0,75050.0,Brazil,Entertainment
503,17700000,230000.0,8396875537.0,370779000.0,796350.0,Ukraine,News
504,17700000,200000.0,9059696049.0,117727000.0,250150.0,Malaysia,Entertainment
505,17700000,600000.0,17247584185.0,640030000.0,1380000.0,Argentina,Music
506,17600000,100000.0,9269174070.0,55127000.0,117150.0,Thailand,Games
507,17600000,100000.0,2274007523.0,27445000.0,58350.0,Mexico,Comedy
508,17600000,100000.0,2977741577.0,22354000.0,47500.0,China,Howto
509,17600000,100000.0,3752347262.0,1.0,0.0,Australia,Other
510,17600000,500000.0,6306204566.0,100215000.0,213000.0,Chile,Games
511,17600000,100000.0,3802280098.0,11099000.0,23600.0,South Korea,Music
512,17500000,100000.0,2238134438.0,21056000.0,44750.0,India,Entertainment
513,17500000,700000.0,7263619576.0,394106000.0,849250.0,India,News
514,17500000,300000.0,7612385622.0,109847000.0,233450.0,India,Entertainment
515,17500000,100000.0,16107116549.0,98342000.0,209000.0,United States,Games
516,17400000,400000.0,17763586483.0,439870000.0,955000.0,United States,Games
517,17400000,200000.0,13043561912.0,235993000.0,501500.0,Thailand,News
518,17400000,100000.0,11144195464.0,113003000.0,240150.0,Iraq,Music
519,17400000,400000.0,16560557488.0,426389000.0,903300.0,Other,People
520,17300000,100000.0,1026425106.0,46484000.0,98750.0,United States,Tech
521,17300000,100000.0,902225615.0,837850.0,1804.5,India,Entertainment
522,17300000,300000.0,11371738047.0,331944000.0,691500.0,India,Entertainment
523,17300000,100000.0,3684816159.0,15525000.0,33000.0,Australia,Howto
524,17200000,100000.0,14573155899.0,15296000.0,32500.0,Other,Games
525,17200000,100000.0,3606912471.0,52325000.0,111200.0,United States,Tech
526,17200000,100000.0,7337212581.0,72684000.0,154450.0,Brazil,Music
527,17200000,100000.0,8903647480.0,25.0,0.055,Australia,People
528,17200000,100000.0,11445492404.0,83709000.0,177850.0,Argentina,Education
529,17200000,100000.0,5024088947.0,15405000.0,32750.0,Spain,Games
530,17100000,100000.0,4448334716.0,37164000.0,79000.0,Russia,Entertainment
531,17100000,100000.0,9710962528.0,45811000.0,97350.0,Indonesia,Entertainment
532,17100000,100000.0,2173106162.0,1761000.0,3720.0,United States,Entertainment
533,17000000,100000.0,10847948832.0,93768000.0,199250.0,United Kingdom,Music
534,17000000,100000.0,1001465469.0,7626000.0,16200.0,India,Entertainment
535,17000000,100000.0,8229883114.0,1.0,0.0,Other,People
536,17000000,100000.0,14543594822.0,49817000.0,105900.0,United States,Music
537,16900000,200000.0,8684010451.0,72911000.0,154900.0,India,Music
538,16900000,100000.0,9111000228.0,10889000.0,23150.0,United States,Entertainment
539,16900000,100000.0,3827906874.0,1635000.0,3454.5,United States,Entertainment
540,16900000,100000.0,4609753237.0,36357000.0,77250.0,United States,Entertainment
541,16900000,100000.0,9270331567.0,89782000.0,190750.0,India,People
542,16900000,700000.0,9544277833.0,275264000.0,584400.0,United States,Entertainment
543,16900000,400000.0,3523578665.0,149543000.0,317800.0,Brazil,Nonprofit
544,16800000,100000.0,2315962318.0,1.0,0.0,Other,Music
545,16800000,100000.0,6518418501.0,1.0,0.0,Other,Other
546,16800000,1.0,7206462713.0,1.0,0.0,Other,People
547,16800000,100000.0,7195314800.0,42836000.0,91000.0,Indonesia,Entertainment
548,16800000,100000.0,3693798804.0,44121000.0,93750.0,Brazil,Entertainment
549,16700000,10.0,10393037902.0,7.0,0.015,Other,Other
550,16700000,200000.0,7102965621.0,105114000.0,223400.0,United States,Games
551,16700000,100000.0,8826138204.0,45698000.0,97100.0,United States,Entertainment
552,16700000,100000.0,7979736581.0,37623.0,79.5,United States,Music
553,16700000,100000.0,5089284369.0,16139000.0,34300.0,Mexico,People
554,16600000,100000.0,1318442641.0,15079000.0,32050.0,Philippines,People
555,16600000,100000.0,2798273962.0,1.0,0.0,Mexico,Games
556,16600000,100000.0,3696973456.0,65470.0,139.0,Spain,Other
557,16600000,100000.0,7435180827.0,59201000.0,125800.0,India,News
558,16600000,200000.0,9439857193.0,154049000.0,327350.0,India,Entertainment
559,16600000,100000.0,11946217860.0,89012000.0,189150.0,India,Music
560,16600000,900000.0,15278668857.0,617257000.0,1327150.0,Germany,Entertainment
561,16600000,300000.0,5819508534.0,199033000.0,422950.0,United States,Entertainment
562,16500000,200000.0,2440934034.0,21953000.0,46650.0,United States,Entertainment
563,16500000,100000.0,3037260680.0,112986000.0,240050.0,United States,Entertainment
564,16500000,300000.0,7043235131.0,131202000.0,278800.0,India,News
565,16500000,100000.0,7406207930.0,24378000.0,51800.0,United States,Entertainment
566,16400000,100000.0,3955426159.0,18028000.0,38300.0,United States,Entertainment
567,16400000,100000.0,4434679706.0,9341000.0,19850.0,Thailand,Entertainment
568,16400000,100000.0,7135820721.0,133208000.0,283050.0,United States,Sports
569,16400000,100000.0,9463244435.0,87757000.0,186450.0,Thailand,Entertainment
570,16400000,100000.0,13478392540.0,1.0,0.0,Other,People
571,16400000,100000.0,14431830557.0,1.0,0.0,Other,Entertainment
572,16400000,200000.0,12844432341.0,181382000.0,385400.0,Thailand,Entertainment
573,16300000,100000.0,3527627264.0,29735.0,63.0,United States,Entertainment
574,16300000,100000.0,6578828147.0,28787000.0,61150.0,United States,Music
575,16300000,100000.0,6613422635.0,42704000.0,90750.0,United States,Music
576,16300000,100000.0,7520242626.0,38604000.0,82050.0,United Kingdom,Music
577,16300000,100000.0,10170264839.0,85778000.0,182250.0,United Kingdom,Entertainment
578,16300000,100000.0,12475714382.0,88004000.0,187000.0,United States,Music
579,16300000,300000.0,7141825267.0,151477000.0,321900.0,India,Music
580,16300000,200000.0,1656452554.0,17944000.0,38150.0,United States,Games
581,16300000,100000.0,4768370464.0,3079000.0,6535.0,United Kingdom,Entertainment
582,16200000,100000.0,10227242833.0,63441000.0,134850.0,United States,Music
583,16200000,100000.0,8091706232.0,25912000.0,55050.0,United States,Entertainment
584,16200000,100000.0,2990185467.0,33015000.0,70200.0,Brazil,People
585,16200000,100000.0,4076692623.0,27808000.0,59100.0,United Kingdom,Entertainment
586,16200000,200000.0,9763592867.0,256733000.0,532100.0,Vietnam,Film
587,16200000,100000.0,14563841315.0,224756000.0,477600.0,Thailand,News
588,16200000,200000.0,20522339099.0,117209000.0,249050.0,Singapore,Entertainment
589,16200000,1000.0,14784781923.0,37911.0,80.5,United States,People
590,16200000,100000.0,4488680903.0,4.0,0.01,Spain,Music
591,16200000,1.0,4813127504.0,510.0,1.065,Other,People
592,16100000,100000.0,1517638132.0,9619000.0,20450.0,Indonesia,Games
593,16100000,100000.0,0.0,1.0,0.0,Other,Other
594,16100000,100000.0,7399296005.0,32011000.0,68000.0,United States,Entertainment
595,16100000,100000.0,2687443643.0,13802000.0,29350.0,Brazil,Entertainment
596,16100000,100000.0,5055576881.0,98720000.0,209800.0,Other,Music
597,16100000,300000.0,6872702790.0,399807000.0,850000.0,United States,Entertainment
598,16100000,4.0,7126210721.0,780.0,1.6,France,Entertainment
599,16100000,3000000.0,7155736006.0,478528000.0,1009800.0,Sweden,Sports
600,16100000,300000.0,15812009296.0,267131000.0,583400.0,United States,Entertainment
601,16100000,100000.0,9642146451.0,1.0,0.0,Mexico,Games
602,16000000,200000.0,6543629679.0,74062000.0,157350.0,Other,People
603,16000000,100000.0,3018032423.0,14287000.0,30350.0,India,Education
604,16000000,100000.0,3029872908.0,4698000.0,10000.0,Mexico,Games
605,16000000,11.0,9786595271.0,1.0,0.0,Other,Games
606,16000000,200000.0,5997599089.0,112393000.0,238850.0,Mexico,Film
607,15900000,10.0,1845329502.0,1.0,0.0,Russia,Games
608,15900000,100000.0,9962188084.0,9915000.0,21100.0,United States,Music
609,15900000,100000.0,2609358468.0,2006000.0,4251.0,United States,Howto
610,15900000,200000.0,6534326412.0,64085000.0,136150.0,Argentina,Games
611,15900000,100000.0,9198986881.0,136388000.0,289850.0,Brazil,Music
612,15900000,200000.0,9052367553.0,164895000.0,350400.0,United States,People
613,15900000,100000.0,6802382479.0,59890000.0,127300.0,Colombia,Music
614,15800000,200000.0,1349288771.0,24056000.0,51100.0,India,Education
615,15800000,700000.0,3392918989.0,185969000.0,395200.0,India,News
616,15800000,100000.0,4122634467.0,71870000.0,152750.0,Indonesia,Comedy
617,15800000,100000.0,13116313599.0,25738000.0,54700.0,United States,Film
618,15700000,100000.0,9787697838.0,51315000.0,109050.0,India,Entertainment
619,15700000,300000.0,5914071870.0,141842000.0,301450.0,India,Music
620,15700000,800.0,6153495609.0,939647.0,2017.5,Singapore,People
621,15700000,100000.0,6626563508.0,30744000.0,65350.0,India,Music
622,15700000,100000.0,5558051295.0,86450000.0,183700.0,India,Music
623,15700000,1200000.0,8696631898.0,335111000.0,691900.0,United States,Entertainment
624,15600000,100000.0,1511794214.0,62551000.0,0.0,Mexico,Entertainment
625,15600000,200000.0,6862529416.0,98660000.0,209650.0,Other,Games
626,15600000,100000.0,7172386509.0,88224000.0,187500.0,Canada,Tech
627,15600000,100000.0,3869457097.0,56218000.0,119500.0,Brazil,Entertainment
628,15600000,100000.0,6165757696.0,27382000.0,58150.0,United States,Howto
629,15500000,100000.0,8984089026.0,90012000.0,191250.0,Mexico,Education
630,15500000,100000.0,5070970714.0,1.0,0.0,Other,Other
631,15500000,200000.0,6386271870.0,90914000.0,193200.0,Saudi Arabia,Music
632,15500000,300000.0,7776706184.0,167888000.0,356800.0,India,Education
633,15500000,300000.0,8265129639.0,135036000.0,286950.0,Saudi Arabia,Film
634,15500000,100000.0,14619523361.0,163678000.0,347800.0,Brazil,Music
635,15500000,10.0,12880388253.0,1.0,0.0,United States,Entertainment
636,15500000,200000.0,12714141740.0,139123000.0,295650.0,India,Entertainment
637,15500000,100000.0,6396049701.0,27375000.0,58150.0,United States,Film
638,15500000,100000.0,4499826716.0,32916000.0,69950.0,Egypt,Howto
639,15400000,100000.0,1781226000.0,27963000.0,59450.0,India,Comedy
640,15400000,200000.0,11513738907.0,80172000.0,170350.0,United Arab Emirates,Entertainment
641,15400000,100000.0,1543608082.0,55369000.0,117650.0,United States,Games
642,15400000,100000.0,5469103954.0,1583000.0,3348.0,United States,People
643,15400000,400000.0,3736069980.0,167697000.0,356350.0,United Kingdom,Tech
644,15400000,100000.0,14564170905.0,82798000.0,175950.0,Thailand,Music
645,15400000,100000.0,4909687948.0,36790000.0,78200.0,United States,Music
646,15400000,100000.0,4750420071.0,19740000.0,41950.0,Indonesia,Howto
647,15300000,200000.0,2656528205.0,84867000.0,180350.0,Spain,Sports
648,15300000,100000.0,10714145606.0,77053000.0,163750.0,United States,Education
649,15300000,100000.0,1640078055.0,5920000.0,12600.0,India,Games
650,15300000,800000.0,9938811455.0,475565000.0,1009450.0,Russia,People
651,15300000,300000.0,16545966132.0,361483000.0,745200.0,India,Entertainment
652,15200000,1300000.0,857725714.0,65380000.0,138900.0,India,Film
653,15200000,200000.0,4503880875.0,98329000.0,208950.0,India,Comedy
654,15200000,100000.0,1491452935.0,9980000.0,21200.0,Philippines,Entertainment
655,15200000,200000.0,6391679636.0,57809000.0,122850.0,India,Music
656,15200000,300000.0,7151683497.0,210909000.0,448150.0,India,Entertainment
657,15200000,200000.0,7564652648.0,105978000.0,225200.0,India,Music
658,15200000,100000.0,8333387785.0,4427000.0,9400.0,Turkey,Entertainment
659,15200000,100000.0,14198154095.0,187006000.0,397400.0,United States,News
660,15200000,100000.0,6624168155.0,49662000.0,105500.0,India,News
661,15100000,100000.0,1777072487.0,15984000.0,33950.0,United States,People
662,15100000,100000.0,1576633086.0,26053000.0,55350.0,Other,Music
663,15100000,100000.0,2143140898.0,17231000.0,36600.0,Indonesia,Entertainment
664,15100000,100000.0,2400037562.0,86.0,0.18000000000000002,Andorra,People
665,15100000,100000.0,1760131384.0,12376000.0,26300.0,Philippines,Entertainment
666,15100000,200000.0,3060202847.0,43409000.0,92250.0,United States,People
667,15100000,100000.0,2761547758.0,11956000.0,25400.0,United States,Entertainment
668,15100000,100000.0,4236036141.0,5972000.0,12700.0,Spain,Entertainment
669,15100000,100000.0,4967784343.0,1.0,0.0,Other,People
670,15100000,100000.0,5324913850.0,46060000.0,97850.0,Egypt,Entertainment
671,15100000,100000.0,6668507856.0,95603000.0,203150.0,Russia,Games
672,15100000,100000.0,7857371770.0,40806000.0,86700.0,South Korea,Music
673,15100000,700000.0,9477021288.0,512343000.0,1064050.0,Argentina,Comedy
674,15100000,100000.0,10489367372.0,181644000.0,386000.0,Philippines,News
675,15100000,700000.0,13897932103.0,713509000.0,1539200.0,Russia,Entertainment
676,15100000,100000.0,12413869881.0,84750000.0,180100.0,United Kingdom,Music
677,15000000,600000.0,4352427049.0,250995000.0,531350.0,United Kingdom,Games
678,15000000,400000.0,9924103188.0,113572000.0,241350.0,India,People
679,15000000,100000.0,8897705695.0,145478000.0,309150.0,Brazil,Education
680,15000000,100000.0,7159750970.0,43133000.0,91650.0,United States,Games
681,15000000,100000.0,2730879024.0,1.0,0.0,United States,Games
682,15000000,100000.0,4008801873.0,33880000.0,72000.0,Mexico,Entertainment
683,15000000,100000.0,4741434420.0,41789000.0,88800.0,United States,Games
684,15000000,100000.0,6889304306.0,29724000.0,63150.0,United States,Film
685,15000000,100000.0,7536093065.0,998.0,2.125,India,News
686,15000000,200000.0,8658553456.0,102357000.0,217500.0,India,Entertainment
687,15000000,300000.0,9978734160.0,242185000.0,514600.0,India,Music
688,15000000,100000.0,9996133066.0,1.0,0.0,Other,Film
689,15000000,200000.0,10239836582.0,312858000.0,689100.0,United States,Comedy
690,15000000,100000.0,11827310821.0,113064000.0,240300.0,Indonesia,News
691,15000000,900000.0,13562853889.0,282372000.0,585300.0,Japan,Comedy
692,15000000,100000.0,11506702632.0,182871000.0,388600.0,Brazil,Music
693,15000000,200000.0,8932038210.0,130731000.0,277800.0,India,Entertainment
694,14900000,100000.0,10069000444.0,119812000.0,254600.0,United States,Music
695,14900000,100000.0,8074260978.0,43581000.0,92600.0,Indonesia,Entertainment
696,14900000,100000.0,4033400167.0,11043000.0,23500.0,United States,Entertainment
697,14900000,100000.0,4395184343.0,56358000.0,119750.0,United States,Music
698,14900000,100000.0,4977284539.0,13857000.0,29450.0,Spain,Games
699,14900000,100000.0,5549770244.0,49556000.0,105300.0,Thailand,Entertainment
700,14900000,400000.0,15913320995.0,346653000.0,743350.0,Other,People
701,14900000,100000.0,439098.0,7697.0,16.5,Russia,News
702,14900000,100000.0,5956193599.0,39775000.0,84500.0,Brazil,Games
703,14900000,9.0,8615618825.0,2477.0,5.31,Japan,Autos
704,14800000,100000.0,13356517783.0,61205000.0,130050.0,United States,Entertainment
705,14800000,100000.0,1833519700.0,7177000.0,15250.0,United States,Education
706,14800000,100000.0,3587576784.0,22980000.0,48800.0,United States,Music
707,14800000,100000.0,5269059435.0,21072000.0,44800.0,Australia,Games
708,14800000,100000.0,7018015062.0,47117000.0,100150.0,Ukraine,Howto
709,14800000,100000.0,8649303688.0,51645000.0,109750.0,United States,Music
710,14800000,100000.0,9076642765.0,88120000.0,187250.0,Brazil,Music
711,14800000,100000.0,9383431376.0,1.0,0.0,Other,Other
712,14800000,3580.0,272678287.0,37883.0,80.5,Germany,Games
713,14800000,1700000.0,15788208522.0,1203000000.0,2550400.0,United States,People
714,14800000,100000.0,8866012877.0,53181000.0,113000.0,United States,Howto
715,14700000,100000.0,2230986039.0,2694000.0,5736.5,Saudi Arabia,Entertainment
716,14700000,100000.0,1321380490.0,4781000.0,10150.0,United States,Entertainment
717,14700000,600.0,1506796393.0,226420.0,481.5,Spain,Entertainment
718,14700000,100000.0,2465473772.0,18978000.0,40300.0,United States,Education
719,14700000,200000.0,4029253667.0,74483000.0,158250.0,India,Education
720,14700000,100000.0,6751985988.0,36338000.0,77250.0,United States,Entertainment
721,14700000,100000.0,7255848125.0,55583000.0,0.0,United States,Comedy
722,14700000,100000.0,8882319696.0,79402000.0,168750.0,United States,Education
723,14700000,400000.0,12362331529.0,347603000.0,743450.0,India,Entertainment
724,14700000,100000.0,12961669452.0,185709000.0,394600.0,United States,News
725,14700000,100000.0,4684983333.0,40975000.0,87050.0,Brazil,Entertainment
726,14600000,100000.0,2613197447.0,16409000.0,34850.0,Ecuador,Entertainment
727,14600000,100000.0,3337074920.0,60568000.0,128700.0,Spain,Games
728,14600000,400000.0,3603556207.0,92594000.0,196750.0,United States,Entertainment
729,14600000,100000.0,4622581344.0,10547000.0,22400.0,Brazil,Entertainment
730,14600000,200000.0,5766647017.0,151697000.0,322350.0,United States,Entertainment
731,14600000,100000.0,6017932195.0,35528000.0,75500.0,United States,Music
732,14600000,100000.0,11182302317.0,109865000.0,233500.0,Brazil,Music
733,14600000,100000.0,7952268926.0,37632000.0,79950.0,United States,Music
734,14600000,100000.0,2750902766.0,50677000.0,107700.0,Mexico,Music
735,14600000,500000.0,5525773746.0,139116000.0,295650.0,India,Film
736,14500000,100000.0,2440718089.0,1.0,0.0,Brazil,Music
737,14500000,100000.0,6944967581.0,29941000.0,63650.0,United States,Entertainment
738,14500000,100000.0,4577292740.0,449576.0,956.0,United States,Film
739,14500000,100000.0,1739129375.0,23034000.0,48950.0,India,Tech
740,14500000,100000.0,3551889957.0,2838000.0,6054.5,Brazil,Howto
741,14500000,100000.0,4260187928.0,9910000.0,21050.0,United States,Entertainment
742,14500000,100000.0,4598387043.0,66273000.0,140850.0,United Kingdom,News
743,14500000,400000.0,4821183481.0,149241000.0,317150.0,United States,Music
744,14500000,100000.0,5014888374.0,4960000.0,10500.0,South Korea,People
745,14500000,200000.0,6290721701.0,48447000.0,102950.0,India,Music
746,14500000,100000.0,8582696157.0,48285000.0,102600.0,United States,Entertainment
747,14500000,100000.0,9383692066.0,45622000.0,96950.0,Thailand,Entertainment
748,14500000,700000.0,10303519926.0,418474000.0,902300.0,India,News
749,14500000,100000.0,20042571499.0,98185000.0,208600.0,United States,Music
750,14500000,100000.0,4315486422.0,37577000.0,79850.0,Morocco,Music
751,14500000,100000.0,9201428420.0,48193000.0,102400.0,Other,Music
752,14500000,100000.0,3517662420.0,5329000.0,11300.0,Canada,Comedy
753,14400000,300000.0,600154268.0,1370000.0,2921.0,South Korea,Entertainment
754,14400000,100000.0,2224121890.0,13891000.0,29550.0,India,Games
755,14400000,100000.0,1629801448.0,1002000.0,2125.5,Peru,Entertainment
756,14400000,1.0,351763324.0,2.0,0.005,Other,People
757,14400000,100000.0,2972474215.0,4673000.0,9950.0,Saudi Arabia,Entertainment
758,14400000,100000.0,3086254545.0,11417000.0,24300.0,France,Comedy
759,14400000,100000.0,3900312631.0,8636000.0,18350.0,United States,Entertainment
760,14400000,10000.0,4035738731.0,3557000.0,7544.5,United States,Music
761,14400000,200000.0,4156427797.0,70409000.0,149600.0,India,People
762,14400000,100000.0,4597228794.0,26683000.0,56700.0,United States,Howto
763,14400000,100000.0,5689224452.0,1.0,0.0,United States,Games
764,14400000,100000.0,6543282459.0,40089000.0,85200.0,United States,Entertainment
765,14400000,200000.0,8011977288.0,212639000.0,451900.0,India,Entertainment
766,14400000,100000.0,9023952946.0,62689000.0,133250.0,Other,Film
767,14400000,100000.0,11423792969.0,88657000.0,188400.0,United States,Music
768,14400000,100000.0,18515587421.0,149799000.0,318300.0,India,Entertainment
769,14300000,100000.0,4776507159.0,413774.0,901.5,United States,Entertainment
770,14300000,100000.0,6388439235.0,1.0,0.0,United States,Entertainment
771,14200000,100000.0,6048517979.0,62658000.0,133150.0,Philippines,Music
772,14200000,100000.0,4040297006.0,19029000.0,40450.0,Brazil,Entertainment
773,14200000,10.0,6973932553.0,105.0,0.22499999999999998,Ukraine,Entertainment
774,14200000,100000.0,1778318927.0,35934000.0,76350.0,Netherlands,Entertainment
775,14200000,200000.0,2084791147.0,54291000.0,115400.0,United Kingdom,Games
776,14200000,200000.0,3920559552.0,44575000.0,94700.0,Mexico,Games
777,14200000,300000.0,6554000320.0,141688000.0,301100.0,India,Education
778,14200000,100000.0,7946322061.0,1.0,0.0,Other,Games
779,14200000,5.0,9964116817.0,7208.0,15.5,Other,Other
780,14200000,400000.0,10238593147.0,367898000.0,796000.0,India,Comedy
781,14200000,200000.0,11428794827.0,59927000.0,127350.0,India,Entertainment
782,14200000,100000.0,3317805543.0,12902000.0,27400.0,United States,Entertainment
783,14100000,100000.0,2131548711.0,25605000.0,54400.0,India,Music
784,14100000,100000.0,3594936775.0,6942000.0,14750.0,Other,Entertainment
785,14100000,132.0,3920221322.0,20351.0,43.0,Other,Other
786,14100000,1.0,5129529846.0,147.0,0.315,Australia,People
787,14100000,500000.0,5405563355.0,353259000.0,744150.0,United Arab Emirates,Autos
788,14100000,400000.0,6036496916.0,176062000.0,374100.0,Indonesia,Entertainment
789,14100000,200000.0,6884215292.0,135563000.0,288100.0,United States,Music
790,14100000,100000.0,19013942981.0,98834000.0,210000.0,United States,Music
791,14100000,100000.0,3280481927.0,10222000.0,21750.0,United Kingdom,Sports
792,14100000,100000.0,4627069704.0,12502000.0,26550.0,Thailand,Entertainment
793,14000000,100000.0,4959982720.0,10210000.0,21700.0,Brazil,People
794,14000000,100000.0,2214167846.0,13709000.0,29100.0,Sweden,Entertainment
795,14000000,100000.0,4674164601.0,26783000.0,56900.0,Mexico,Entertainment
796,14000000,200000.0,7719743112.0,150570000.0,319950.0,Russia,Games
797,14000000,100000.0,8623705301.0,201659000.0,428500.0,Spain,Music
798,14000000,100000.0,9660950823.0,70626000.0,150100.0,Mexico,Film
799,14000000,1100000.0,18917687143.0,1364000000.0,2920450.0,United States,Animals
800,14000000,100000.0,13542939513.0,133584000.0,283850.0,India,Comedy
801,14000000,100000.0,12597067132.0,7.0,0.015,India,Music
802,14000000,100000.0,5094050461.0,68058000.0,144600.0,Brazil,People
803,13900000,100000.0,5673347763.0,106718000.0,226800.0,Brazil,Games
804,13900000,100000.0,9106781518.0,87639000.0,186250.0,Jordan,Music
805,13900000,100000.0,2244318380.0,4598000.0,9750.0,United States,Comedy
806,13900000,300000.0,7450345720.0,231562000.0,492050.0,Other,People
807,13900000,100000.0,5217553897.0,33484000.0,71150.0,India,Music
808,13900000,100000.0,5465532801.0,26883000.0,57100.0,United States,Entertainment
809,13900000,100000.0,12129583055.0,1.0,0.0,Bangladesh,Entertainment
810,13900000,100000.0,12513842343.0,97284000.0,206700.0,United States,Music
811,13900000,200000.0,8451754769.0,114261000.0,242800.0,United States,People
812,13900000,200000.0,2165885634.0,44149000.0,93800.0,United States,Education
813,13900000,300000.0,3193226072.0,142760000.0,303350.0,Other,Entertainment
814,13800000,300000.0,2224911030.0,99654000.0,211750.0,United States,Entertainment
815,13800000,100000.0,1820559912.0,83943000.0,178400.0,Canada,Tech
816,13800000,100000.0,1493776391.0,13533000.0,28750.0,Other,Music
817,13800000,200000.0,2480957682.0,55122000.0,117150.0,Netherlands,Games
818,13800000,100000.0,5019136690.0,26519000.0,56350.0,Mexico,Howto
819,13800000,100000.0,5727888539.0,100053000.0,212600.0,Pakistan,News
820,13800000,100000.0,6646953396.0,78651000.0,167150.0,India,Education
821,13800000,200000.0,11039343563.0,217106000.0,461350.0,India,Music
822,13700000,200000.0,1967930734.0,87804000.0,186600.0,Brazil,Entertainment
823,13700000,100000.0,1973638757.0,37648000.0,80000.0,India,Film
824,13700000,100000.0,1950178163.0,7438000.0,15850.0,Brazil,Entertainment
825,13700000,600000.0,9596430464.0,379240000.0,797400.0,India,Comedy
826,13700000,100000.0,2939201386.0,22235000.0,47250.0,India,Howto
827,13700000,100000.0,4963275018.0,27882000.0,59250.0,India,Entertainment
828,13700000,100000.0,5457203710.0,35124000.0,74650.0,Vietnam,Comedy
829,13700000,100000.0,8134379376.0,64059000.0,136100.0,Brazil,Music
830,13700000,100000.0,5178142148.0,23893000.0,50800.0,India,Education
831,13700000,100000.0,2135195239.0,5.0,0.01,Other,Tech
832,13600000,200000.0,2122062016.0,47436000.0,100800.0,Spain,Games
833,13600000,100000.0,896891351.0,12088000.0,25700.0,Philippines,People
834,13600000,100000.0,1948925559.0,30677000.0,65200.0,United States,Sports
835,13600000,100000.0,3764608356.0,15277000.0,32450.0,United States,Music
836,13600000,100000.0,5141201173.0,10764000.0,22900.0,India,Film
837,13600000,100000.0,9685060624.0,44414000.0,94400.0,United Kingdom,Entertainment
838,13600000,100000.0,14717282742.0,56626000.0,120350.0,United States,Comedy
839,13500000,100000.0,1181292450.0,13436000.0,28550.0,Indonesia,Games
840,13500000,100000.0,4301581610.0,32557000.0,69150.0,Canada,Games
841,13500000,100000.0,3445794123.0,29706000.0,63100.0,India,Howto
842,13500000,130.0,5380132790.0,1615.0,3.2,United Kingdom,Music
843,13500000,100000.0,5545936485.0,35309000.0,75000.0,United Kingdom,Music
844,13500000,100000.0,8265920659.0,75162000.0,159700.0,Ukraine,People
845,13500000,400000.0,3912334359.0,179232000.0,380850.0,India,Games
846,13500000,400000.0,11717217293.0,495561000.0,1061950.0,United Kingdom,Entertainment
847,13500000,300000.0,7958771872.0,109813000.0,233400.0,India,Entertainment
848,13500000,100000.0,2750993392.0,10787000.0,22900.0,United States,Music
849,13500000,100000.0,1900272833.0,1335000.0,2817.0,United States,Howto
850,13400000,200000.0,4622628957.0,92228000.0,196000.0,United States,Entertainment
851,13400000,100000.0,11789678655.0,228902000.0,486400.0,Colombia,Music
852,13400000,100000.0,2139769210.0,1043000.0,2230.5,India,People
853,13400000,300000.0,20563378.0,20264000.0,43100.0,India,Education
854,13400000,100000.0,2650061211.0,1.0,0.0,India,Other
855,13400000,100000.0,2319515787.0,14498000.0,30800.0,United States,Howto
856,13400000,100000.0,3363634923.0,41672000.0,88550.0,Thailand,Entertainment
857,13400000,100000.0,4356686216.0,16785000.0,35650.0,United States,Games
858,13400000,100000.0,9569814790.0,115459000.0,245350.0,Philippines,News
859,13400000,500000.0,10022557589.0,397715000.0,849700.0,United States,People
860,13400000,1.0,4306212515.0,3.0,0.005,United States,Sports
861,13300000,100000.0,2262690743.0,43669000.0,92800.0,India,Tech
862,13300000,100000.0,6050102764.0,15694000.0,33350.0,United States,Games
863,13300000,100000.0,3299216601.0,1929000.0,4091.0,United States,Entertainment
864,13300000,1.0,3364230487.0,2.0,0.005,Other,Comedy
865,13300000,100000.0,3733856870.0,4233000.0,9000.0,United States,Entertainment
866,13300000,100000.0,4177184071.0,45095000.0,95850.0,United States,People
867,13300000,100000.0,6482687220.0,90241000.0,191800.0,Russia,Entertainment
868,13300000,100000.0,9088562002.0,161889000.0,344050.0,United States,Education
869,13300000,100000.0,7923901253.0,379346000.0,0.0,Ukraine,Entertainment
870,13300000,200000.0,7773543609.0,188948000.0,401500.0,United States,Entertainment
871,13300000,100000.0,7406628736.0,17468000.0,37150.0,United States,Comedy
872,13300000,100000.0,2831275503.0,43118000.0,91650.0,India,Howto
873,13300000,200000.0,4129249415.0,70712000.0,150250.0,Saudi Arabia,Games
874,13300000,100000.0,6412313570.0,5387000.0,11400.0,Canada,Entertainment
875,13200000,500000.0,9884886099.0,319647000.0,689950.0,United States,Entertainment
876,13200000,200000.0,1148422000.0,8769000.0,18650.0,Russia,Entertainment
877,13200000,100000.0,2036408398.0,20369000.0,43300.0,Finland,Games
878,13200000,100000.0,3568392223.0,1.0,0.0,Other,Games
879,13200000,100000.0,3789736218.0,25321000.0,53800.0,India,Music
880,13200000,800000.0,4205664894.0,264308000.0,583050.0,Indonesia,People
881,13200000,100000.0,5224764969.0,64517000.0,137100.0,Brazil,Entertainment
882,13200000,100000.0,5263540904.0,51820000.0,110150.0,United States,Education
883,13200000,100000.0,20743586601.0,86270000.0,183350.0,Colombia,Music
884,13200000,300000.0,9378175604.0,119389000.0,253700.0,United States,People
885,13200000,100000.0,1138262456.0,18518000.0,39350.0,India,Tech
886,13200000,100000.0,1758603195.0,11490000.0,24450.0,India,Howto
887,13100000,1.0,2182651464.0,248.0,0.525,United States,People
888,13100000,100000.0,1401914513.0,10848000.0,23050.0,Philippines,People
889,13100000,100000.0,2733682792.0,56894000.0,120900.0,United States,Games
890,13100000,700000.0,9110348202.0,329312000.0,691150.0,Other,Entertainment
891,13100000,100000.0,4712624489.0,34438000.0,73200.0,India,Music
892,13100000,100000.0,1936582704.0,2.0,0.005,Other,People
893,13100000,100000.0,2555801802.0,43990000.0,93500.0,Brazil,People
894,13100000,100000.0,4214172991.0,27340000.0,58100.0,Brazil,Film
895,13100000,100000.0,4399833602.0,60661000.0,128900.0,United States,Howto
896,13100000,100000.0,4608751851.0,48223000.0,102500.0,Brazil,Music
897,13100000,300000.0,2879263916.0,62909000.0,133650.0,Ecuador,Games
898,13100000,100000.0,5333569294.0,17588000.0,37400.0,Brazil,Entertainment
899,13100000,100000.0,5264039679.0,50922000.0,108200.0,United States,Music
900,13100000,3.0,6637820731.0,379.0,1.045,Samoa,Music
901,13000000,100000.0,2683297849.0,29870000.0,63500.0,Italy,Entertainment
902,13000000,100000.0,1024467771.0,3052000.0,6481.5,Brazil,Entertainment
903,13000000,300000.0,10664585.0,2292000000.0,0.0,Indonesia,Entertainment
904,13000000,100000.0,1698279553.0,30471000.0,64750.0,France,Music
905,13000000,100000.0,5057163256.0,2.0,0.005,India,Other
906,13000000,1000000.0,8739174649.0,1081000000.0,2285150.0,South Korea,Games
907,13000000,100000.0,9999238237.0,41109000.0,87350.0,United States,Entertainment
908,13000000,8.0,301547793.0,590.0,1.075,Pakistan,People
909,13000000,600000.0,6270909026.0,368437000.0,796050.0,Mexico,Entertainment
910,13000000,100000.0,4349562794.0,29526000.0,62750.0,Brazil,Music
911,13000000,100000.0,4637474071.0,42412000.0,0.0,United States,People
912,12900000,100000.0,2112274210.0,31796000.0,67550.0,Brazil,People
913,12900000,100000.0,140022442.0,147626.0,314.0,Brazil,Entertainment
914,12900000,100000.0,2509752944.0,11993000.0,25500.0,Spain,Sports
915,12900000,100000.0,3178222797.0,4001000.0,8500.0,South Korea,Entertainment
916,12900000,100000.0,3643698504.0,29379000.0,62400.0,United States,Entertainment
917,12900000,100000.0,6300933122.0,91240000.0,193900.0,United States,Music
918,12900000,100000.0,7520379951.0,80219000.0,170500.0,United Arab Emirates,News
919,12900000,100000.0,11504090820.0,205548000.0,436800.0,Other,Music
920,12900000,100000.0,15446707595.0,75773000.0,161000.0,United States,Music
921,12900000,200000.0,5585085130.0,71118000.0,151150.0,Ukraine,Entertainment
922,12900000,100000.0,2848466522.0,837700.0,1804.5,Indonesia,Entertainment
923,12800000,100000.0,3632438963.0,27957000.0,59400.0,United Kingdom,Film
924,12800000,100000.0,5863456698.0,35336000.0,75050.0,Iraq,Comedy
925,12800000,100000.0,6662288136.0,53988000.0,114750.0,Spain,Education
926,12800000,100000.0,6804072897.0,17270000.0,36700.0,Other,Howto
927,12800000,100000.0,6970899521.0,18118000.0,38500.0,Canada,Entertainment
928,12800000,200000.0,9502983550.0,228951000.0,486500.0,United States,Comedy
929,12800000,300000.0,7876740921.0,213738000.0,454200.0,India,Education
930,12800000,100000.0,14185611472.0,89566000.0,190350.0,United States,Music
931,12700000,500000.0,1159290255.0,51291000.0,109000.0,India,Games
932,12700000,8.0,1450874545.0,48.0,0.0,Other,Entertainment
933,12700000,100000.0,4266957149.0,77482000.0,164650.0,Mexico,Comedy
934,12700000,100000.0,4579773883.0,10083000.0,21400.0,Spain,Music
935,12700000,100000.0,5567832210.0,46602000.0,99050.0,United States,Entertainment
936,12700000,100000.0,5958994201.0,1.0,0.0,Other,Music
937,12700000,1000.0,9927699419.0,472367.0,1009.0,United States,Film
938,12700000,100000.0,13174393401.0,169968000.0,361200.0,United States,Music
939,12700000,100000.0,4733873025.0,43868000.0,93250.0,United States,Howto
940,12700000,100000.0,2709954270.0,6942000.0,14750.0,Other,Entertainment
941,12700000,100000.0,1081285962.0,3619000.0,7702.5,Brazil,Games
942,12700000,100000.0,6001189018.0,16117000.0,34250.0,United States,People
943,12700000,1500000.0,1714955279.0,327600000.0,690950.0,Colombia,People
944,12600000,100000.0,3303595310.0,58838000.0,125050.0,United Kingdom,Entertainment
945,12600000,100000.0,3152402405.0,5952000.0,12650.0,United States,People
946,12600000,300000.0,3485373675.0,113132000.0,240400.0,South Korea,People
947,12600000,100000.0,8831179714.0,35027000.0,74450.0,United States,Music
948,12600000,100000.0,6969178081.0,36681000.0,77950.0,United Kingdom,Music
949,12500000,100000.0,1612094871.0,8482000.0,18000.0,United Kingdom,Entertainment
950,12500000,100000.0,1136534702.0,15340000.0,32600.0,United States,Entertainment
951,12500000,100000.0,161254021.0,757789000.0,0.0,United States,Film
952,12500000,100000.0,1302818088.0,1.0,0.0,Other,Other
953,12500000,100000.0,1002219689.0,1395000.0,2974.5,India,People
954,12500000,100000.0,1402042328.0,8869000.0,18850.0,Mexico,Games
955,12500000,100000.0,6956320454.0,16319000.0,34700.0,Spain,Education
956,12500000,200000.0,2983799729.0,111252000.0,236400.0,United States,Entertainment
957,12500000,100000.0,3140883140.0,31007000.0,65900.0,Mexico,Entertainment
958,12500000,500000.0,4163639093.0,565459000.0,0.0,United States,Entertainment
959,12500000,100000.0,4384177908.0,13501000.0,28700.0,Other,Howto
960,12500000,100000.0,4625777945.0,7158000.0,15200.0,Brazil,Entertainment
961,12500000,100000.0,4935793409.0,58527000.0,124350.0,India,News
962,12500000,100000.0,7489455451.0,115881000.0,246250.0,Mexico,Entertainment
963,12500000,400000.0,10384848759.0,235715000.0,500900.0,India,Entertainment
964,12500000,200000.0,11552190002.0,349940000.0,743750.0,India,Entertainment
965,12500000,100000.0,11691081301.0,180021000.0,382550.0,India,Entertainment
966,12500000,100000.0,16690788752.0,213700000.0,454100.0,Brazil,Music
967,12500000,100000.0,5146004207.0,11079000.0,23550.0,India,Music
968,12500000,100000.0,5379684248.0,1.0,0.0,Other,People
969,12500000,100000.0,4465772496.0,13142000.0,27950.0,India,Comedy
970,12500000,32.0,4340213066.0,8721.0,18.5,Pakistan,Other
971,12400000,1200000.0,7597013023.0,903672000.0,1912950.0,United States,Comedy
972,12400000,600000.0,1971226335.0,273670000.0,584200.0,India,Education
973,12400000,100000.0,1689090619.0,21837000.0,46400.0,Other,People
974,12400000,100000.0,2394143260.0,27596.0,58.5,United States,Entertainment
975,12400000,100000.0,2862685032.0,10278000.0,21850.0,Mexico,People
976,12400000,100000.0,2602614088.0,1.0,0.0,Brazil,Comedy
977,12400000,100000.0,1113066203.0,806075.0,1701.0,Indonesia,Entertainment
978,12400000,100000.0,2840137980.0,24022000.0,51050.0,Spain,Games
979,12400000,100000.0,4021409291.0,9595000.0,20400.0,Canada,Entertainment
980,12400000,100000.0,6933660906.0,82648000.0,175650.0,Spain,Games
981,12400000,100000.0,7683670251.0,95163000.0,202250.0,India,Entertainment
982,12400000,100000.0,7741764747.0,38165000.0,81100.0,India,People
983,12400000,100000.0,12607488647.0,34758000.0,73850.0,United Kingdom,Entertainment
984,12400000,100.0,16086808918.0,1.0,0.0,United States,People
985,12400000,100000.0,2315226648.0,30968000.0,65800.0,India,Howto
986,12400000,100000.0,3392022527.0,1.0,0.0,Other,People
987,12400000,100000.0,13959586308.0,2.0,0.005,Other,Film
988,12400000,100000.0,6202090191.0,50188000.0,106650.0,United States,Music
989,12400000,400000.0,4779139505.0,177600000.0,377400.0,United States,Games
990,12400000,100000.0,6993406259.0,49412000.0,105000.0,United States,Entertainment
991,12300000,700000.0,9029609749.0,552513000.0,1169050.0,Brazil,Entertainment
992,12300000,300000.0,1674409945.0,64735000.0,137550.0,India,Games
993,12300000,1000.0,2214684303.0,67035.0,142.5,United Kingdom,Games
994,12300000,100000.0,374123483.0,3871000.0,8234.0,Sweden,Games
995,12300000,100000.0,2129773714.0,24000000.0,51000.0,India,Comedy
